899.849426	2333.204834
901.452087	2356.928955
903.054688	2319.795654
904.657227	2357.960449
906.259705	2330.110352
907.862122	2349.708496
909.464478	2321.858643
911.066772	2347.645508
912.669006	2337.330811
914.271240	2331.141846
915.873352	2321.858643
917.475403	2345.582520
919.077454	2328.047363
920.679382	2355.897461
922.281311	2336.299316
923.883118	2347.645508
925.484863	2339.393799
927.086609	2351.771484
928.688232	2334.236328
930.289795	2364.149170
931.891357	2331.141846
933.492798	2364.149170
935.094177	2332.173340
936.695496	2356.928955
938.296753	2336.299316
939.897949	2345.582520
941.499084	2351.771484
943.100159	2347.645508
944.701172	2339.393799
946.302124	2343.519531
947.903015	2317.732666
949.503784	2368.275146
951.104553	2312.575195
952.705200	2370.338135
954.305847	2334.236328
955.906372	2360.023193
957.506836	2322.890137
959.107239	2357.960449
960.707581	2335.267822
962.307800	2357.960449
963.908020	2322.890137
965.508118	2362.086182
967.108215	2324.953125
968.708191	2366.212158
970.308105	2309.480957
971.907898	2370.338135
973.507690	2314.638184
975.107422	2362.086182
976.707031	2317.732666
978.306580	2350.739990
979.906067	2318.764160
981.505432	2355.897461
983.104797	2324.953125
984.704041	2368.275146
986.303223	2327.015869
987.902344	2360.023193
989.501343	2324.953125
991.100342	2357.960449
992.699219	2322.890137
994.298035	2365.180664
995.896729	2324.953125
997.495422	2345.582520
999.093994	2313.606689
1000.692505	2369.306641
1002.290894	2308.449463
1003.889221	2366.212158
1005.487488	2311.543701
1007.085693	2345.582520
1008.683777	2319.795654
1010.281799	2349.708496
1011.879761	2331.141846
1013.477661	2368.275146
1015.075439	2331.141846
1016.673157	2344.551025
1018.270752	2314.638184
1019.868286	2353.834473
1021.465759	2324.953125
1023.063171	2373.432617
1024.660400	2327.015869
1026.257690	2364.149170
1027.854736	2306.386475
1029.451904	2356.928955
1031.048828	2312.575195
1032.645630	2366.212158
1034.242432	2309.480957
1035.839233	2341.456787
1037.435791	2329.078857
1039.032349	2345.582520
1040.628784	2317.732666
1042.225220	2353.834473
1043.821411	2324.953125
1045.417725	2347.645508
1047.013794	2322.890137
1048.609741	2357.960449
1050.205688	2316.701172
1051.801514	2368.275146
1053.397339	2321.858643
1054.993042	2357.960449
1056.588623	2317.732666
1058.184082	2355.897461
1059.779419	2308.449463
1061.374756	2370.338135
1062.969971	2298.134521
1064.565063	2363.117676
1066.160156	2313.606689
1067.755127	2335.267822
1069.349976	2325.984375
1070.944702	2364.149170
1072.539307	2317.732666
1074.133911	2339.393799
1075.728394	2318.764160
1077.322754	2365.180664
1078.917114	2322.890137
1080.511230	2344.551025
1082.105347	2324.953125
1083.699341	2357.960449
1085.293335	2314.638184
1086.887085	2372.401123
1088.480835	2304.323486
1090.074463	2362.086182
1091.667969	2308.449463
1093.261475	2343.519531
1094.854736	2327.015869
1096.447998	2347.645508
1098.041138	2313.606689
1099.634155	2358.991699
1101.227173	2322.890137
1102.819946	2347.645508
1104.412720	2317.732666
1106.005371	2350.739990
1107.597900	2328.047363
1109.190308	2360.023193
1110.782715	2321.858643
1112.374878	2347.645508
1113.967041	2313.606689
1115.559082	2362.086182
1117.151001	2312.575195
1118.742798	2338.362305
1120.334595	2333.204834
1121.926147	2329.078857
1123.517700	2322.890137
1125.109131	2353.834473
1126.700439	2312.575195
1128.291626	2346.614014
1129.882813	2316.701172
1131.473755	2343.519531
1133.064697	2304.323486
1134.655396	2341.456787
1136.246094	2329.078857
1137.836670	2347.645508
1139.427124	2319.795654
1141.017578	2347.645508
1142.607788	2312.575195
1144.197876	2357.960449
1145.787964	2312.575195
1147.377930	2352.802979
1148.967651	2304.323486
1150.557373	2362.086182
1152.146973	2318.764160
1153.736572	2351.771484
1155.325928	2304.323486
1156.915161	2347.645508
1158.504272	2318.764160
1160.093384	2350.739990
1161.682251	2314.638184
1163.271118	2339.393799
1164.859863	2333.204834
1166.448486	2348.677002
1168.036865	2309.480957
1169.625244	2343.519531
1171.213501	2311.543701
1172.801636	2347.645508
1174.389771	2327.015869
1175.977661	2325.984375
1177.565430	2304.323486
1179.153076	2337.330811
1180.740723	2312.575195
1182.328125	2355.897461
1183.915527	2312.575195
1185.502686	2337.330811
1187.089844	2325.984375
1188.676758	2350.739990
1190.263672	2318.764160
1191.850342	2341.456787
1193.437012	2315.669678
1195.023560	2347.645508
1196.609985	2314.638184
1198.196167	2343.519531
1199.782349	2318.764160
1201.368408	2350.739990
1202.954346	2317.732666
1204.540039	2361.054688
1206.125732	2294.008545
1207.711304	2337.330811
1209.296753	2308.449463
1210.882080	2337.330811
1212.467285	2328.047363
1214.052246	2334.236328
1215.637207	2316.701172
1217.222046	2340.425293
1218.806763	2319.795654
1220.391235	2332.173340
1221.975708	2308.449463
1223.560059	2347.645508
1225.144287	2321.858643
1226.728271	2337.330811
1228.312256	2319.795654
1229.895996	2351.771484
1231.479736	2310.512207
1233.063354	2360.023193
1234.646729	2306.386475
1236.229980	2336.299316
1237.813232	2316.701172
1239.396240	2320.827148
1240.979126	2328.047363
1242.562012	2337.330811
1244.144653	2309.480957
1245.727173	2345.582520
1247.309570	2322.890137
1248.891846	2345.582520
1250.473999	2310.512207
1252.055908	2337.330811
1253.637817	2314.638184
1255.219604	2352.802979
1256.801147	2308.449463
1258.382690	2338.362305
1259.963989	2322.890137
1261.545288	2336.299316
1263.126343	2338.362305
1264.707275	2321.858643
1266.288086	2320.827148
1267.868774	2341.456787
1269.449341	2309.480957
1271.029663	2347.645508
1272.609985	2304.323486
1274.190186	2335.267822
1275.770142	2314.638184
1277.349976	2347.645508
1278.929688	2302.260498
1280.509277	2335.267822
1282.088745	2314.638184
1283.668091	2338.362305
1285.247314	2308.449463
1286.826294	2347.645508
1288.405151	2308.449463
1289.984009	2341.456787
1291.562622	2301.229004
1293.141113	2343.519531
1294.719360	2292.977295
1296.297607	2335.267822
1297.875732	2307.417969
1299.453613	2345.582520
1301.031372	2324.953125
1302.609009	2356.928955
1304.186523	2308.449463
1305.763794	2341.456787
1307.341064	2303.291992
1308.918091	2347.645508
1310.494995	2310.512207
1312.071777	2343.519531
1313.648438	2302.260498
1315.224976	2334.236328
1316.801270	2319.795654
1318.377441	2345.582520
1319.953491	2314.638184
1321.529419	2332.173340
1323.105225	2289.882813
1324.680786	2347.645508
1326.256226	2298.134521
1327.831543	2361.054688
1329.406738	2302.260498
1330.981812	2335.267822
1332.556641	2307.417969
1334.131348	2342.488037
1335.705933	2307.417969
1337.280396	2336.299316
1338.854614	2308.449463
1340.428833	2343.519531
1342.002808	2320.827148
1343.576660	2333.204834
1345.150269	2315.669678
1346.723755	2339.393799
1348.297119	2318.764160
1349.870361	2318.764160
1351.443481	2323.921631
1353.016357	2316.701172
1354.589111	2335.267822
1356.161743	2329.078857
1357.734253	2322.890137
1359.306519	2329.078857
1360.878662	2314.638184
1362.450684	2339.393799
1364.022461	2310.512207
1365.594116	2337.330811
1367.165649	2298.134521
1368.737061	2342.488037
1370.308228	2319.795654
1371.879272	2345.582520
1373.450195	2314.638184
1375.020996	2335.267822
1376.591553	2296.071533
1378.161987	2346.614014
1379.732178	2295.040039
1381.302368	2349.708496
1382.872314	2300.197510
1384.442017	2345.582520
1386.011719	2303.291992
1387.581177	2340.425293
1389.150513	2315.669678
1390.719604	2339.393799
1392.288574	2310.512207
1393.857422	2334.236328
1395.426147	2314.638184
1396.994629	2349.708496
1398.562866	2309.480957
1400.131104	2333.204834
1401.699097	2324.953125
1403.266968	2343.519531
1404.834595	2307.417969
1406.402100	2336.299316
1407.969482	2335.267822
1409.536743	2322.890137
1411.103760	2306.386475
1412.670532	2343.519531
1414.237305	2302.260498
1415.803833	2349.708496
1417.370117	2289.882813
1418.936401	2327.015869
1420.502319	2306.386475
1422.068237	2343.519531
1423.633911	2310.512207
1425.199463	2335.267822
1426.764771	2300.197510
1428.329956	2341.456787
1429.895020	2306.386475
1431.459839	2331.141846
1433.024536	2312.575195
1434.588989	2341.456787
1436.153320	2300.197510
1437.717529	2333.204834
1439.281494	2298.134521
1440.845337	2335.267822
1442.408936	2290.914307
1443.972412	2342.488037
1445.535767	2295.040039
1447.098877	2330.110352
1448.661743	2306.386475
1450.224609	2335.267822
1451.787231	2302.260498
1453.349609	2325.984375
1454.911865	2316.701172
1456.473999	2336.299316
1458.035889	2303.291992
1459.597534	2337.330811
1461.159180	2308.449463
1462.720459	2329.078857
1464.281738	2310.512207
1465.842773	2324.953125
1467.403564	2306.386475
1468.964233	2315.669678
1470.524780	2327.015869
1472.085083	2327.015869
1473.645142	2284.725342
1475.205078	2324.953125
1476.764893	2320.827148
1478.324463	2322.890137
1479.883911	2312.575195
1481.443115	2341.456787
1483.002197	2300.197510
1484.561035	2329.078857
1486.119751	2317.732666
1487.678223	2320.827148
1489.236572	2309.480957
1490.794678	2330.110352
1492.352661	2325.984375
1493.910400	2322.890137
1495.468018	2318.764160
1497.025391	2324.953125
1498.582642	2324.953125
1500.139648	2323.921631
1501.696533	2299.166016
1503.253174	2328.047363
1504.809692	2300.197510
1506.365967	2341.456787
1507.922119	2320.827148
1509.478027	2324.953125
1511.033691	2306.386475
1512.589233	2328.047363
1514.144653	2302.260498
1515.699829	2347.645508
1517.254761	2305.354980
1518.809570	2335.267822
1520.364258	2313.606689
1521.918579	2327.015869
1523.472900	2310.512207
1525.026855	2303.291992
1526.580688	2311.543701
1528.134399	2303.291992
1529.687866	2335.267822
1531.241089	2314.638184
1532.794189	2298.134521
1534.347046	2327.015869
1535.899780	2306.386475
1537.452271	2334.236328
1539.004639	2291.945801
1540.556641	2323.921631
1542.108643	2304.323486
1543.660400	2329.078857
1545.211914	2318.764160
1546.763184	2341.456787
1548.314331	2302.260498
1549.865356	2335.267822
1551.416016	2302.260498
1552.966553	2314.638184
1554.516968	2318.764160
1556.067139	2309.480957
1557.617065	2315.669678
1559.166870	2306.386475
1560.716431	2302.260498
1562.265747	2327.015869
1563.814941	2289.882813
1565.363892	2329.078857
1566.912720	2322.890137
1568.461304	2341.456787
1570.009644	2310.512207
1571.557861	2323.921631
1573.105835	2316.701172
1574.653564	2341.456787
1576.201172	2311.543701
1577.748535	2325.984375
1579.295654	2311.543701
1580.842651	2340.425293
1582.389404	2282.662354
1583.935913	2335.267822
1585.482300	2304.323486
1587.028442	2312.575195
1588.574463	2335.267822
1590.120117	2320.827148
1591.665649	2302.260498
1593.211060	2322.890137
1594.756104	2306.386475
1596.301025	2330.110352
1597.845825	2304.323486
1599.390259	2337.330811
1600.934570	2303.291992
1602.478638	2322.890137
1604.022583	2309.480957
1605.566284	2329.078857
1607.109741	2311.543701
1608.652954	2327.015869
1610.196045	2306.386475
1611.738892	2318.764160
1613.281494	2317.732666
1614.823975	2321.858643
1616.366211	2310.512207
1617.908203	2332.173340
1619.449951	2292.977295
1620.991577	2343.519531
1622.532959	2283.693848
1624.074097	2320.827148
1625.614990	2309.480957
1627.155762	2324.953125
1628.696289	2299.166016
1630.236572	2329.078857
1631.776733	2304.323486
1633.316528	2345.582520
1634.856201	2316.701172
1636.395630	2331.141846
1637.934937	2304.323486
1639.473999	2328.047363
1641.012695	2286.788330
1642.551392	2331.141846
1644.089722	2269.253174
1645.627930	2330.110352
1647.165771	2288.851318
1648.703491	2336.299316
1650.241089	2289.882813
1651.778320	2329.078857
1653.315430	2296.071533
1654.852295	2327.015869
1656.388916	2306.386475
1657.925293	2325.984375
1659.461426	2295.040039
1660.997437	2318.764160
1662.533203	2302.260498
1664.068726	2322.890137
1665.604004	2295.040039
1667.139160	2329.078857
1668.673950	2303.291992
1670.208618	2316.701172
1671.743042	2310.512207
1673.277222	2304.323486
1674.811279	2308.449463
1676.344971	2310.512207
1677.878540	2281.630859
1679.411865	2327.015869
1680.944946	2285.756836
1682.477783	2320.827148
1684.010376	2287.819824
1685.542847	2320.827148
1687.074951	2304.323486
1688.606934	2320.827148
1690.138672	2294.008545
1691.670166	2323.921631
1693.201416	2289.882813
1694.732544	2319.795654
1696.263306	2282.662354
1697.793945	2319.795654
1699.324219	2285.756836
1700.854370	2329.078857
1702.384277	2281.630859
1703.913940	2306.386475
